2701
2981
2772
2962
2964
3224
2921
3063
3039
3278
3050
3257
3222
3516
3255
3466
3495
3780
3524
3794
3809
4190
3859
4101
4160
4515
4119
4392
4481
4879
4522
4800
4902
5362
5032
5243
5276
5819
5412
5796
5893
6485
6000
6432
6534
7207
6690
7150
7380
7984
7448
7913
8095
8821
8333
9126
9486
10547
10014
10947
11939
13288
12694
13842
14301
15778
14985
16306
16882
18556
17255
18624
19029
20557
19148
20747
21158
22685
21303
22718
23295
25274
24116
25720
26500
29139
27320
29456
30822
33278
31288
34362
35042
38302
36190
37620
38631
41736
39156
40929
41945
44566
42046
45755
46882
51416
46960
50905
52422
56361
52019
55728
56921
61775
57938
61270
62699
67615
64447
69413
70236
75323
71536
75315
76997
81184
75893
78404
81767
85360
79889
82382
84955
88397
82849
85943
87153
91833
86303
88923
92301
96092
90943
96142
97066
103770
97070
100973
102303
107753
100076
105273
108450
115578
106151
112001
115751
122665
114521
119812
121438
129575
122856
127631
131843
138709
131471
136886
138621
146273
139247
145432
148848
157215
148340
155044
156777
167828
158409
167433
168793
179647
166376
178641
178762
189716
178579
192412
194030
206639
195442
208759
211040
224468
211119
223202
222971
234675
219754
234847
234196
247694
233208
250119
248902
262791
249458
266275
266515
278706
262255
279722
278031
289089
272570
287964
289296
303548
284617
300367
299926
313951
295535
313189
313245
328286
308280
327751
326277
341232
320472
341308
338249
357502
335796
357384
354720
372925
348570